0.0486695327709645
9.43453645706994
-1.86312482828206
7.15755340840103
-0.0782203911364281
6.95578129781399
10.7010219714065
6.5775094776796
14.1245162785228
8.49582959490052
16.7686506722656
8.57741402066326
13.2732867901797
18.4978741600348
16.4946321292002
17.365699723868
23.0213964284709
23.6802849133465
18.0738021900416
18.3608395590936
25.2250792947754
23.4589959923169
28.2667128731127
24.8133148553811
29.2046728488673
26.6156792343269
29.7022994357906
33.7201661643003
30.4257410498997
31.3153622611735
30.7246367532366
32.4454307549589
36.4508957128608
37.1326459962009
35.5771912866873
35.2714613460398
41.6529433118969
44.6174174014091
45.3225380361548
39.6305805592023
40.2311517735596
48.905275124033
49.0792283596215
44.9850206954777
48.5663110166351
48.0703694473985
45.3764105799087
50.6347923994424
52.5903415061653
49.0947542214147
