8.71952956313998
12.3378870296187
8.72157648890026
9.9636059520532
11.2410702930562
9.88160267159142
10.149145858959
12.2771717433116
9.89511552746561
9.87176106934915
9.36190654981452
11.3147804960551
9.9648035589697
9.55875469522161
12.0075729136428
11.0143334838509
10.6193163328703
11.3852604505346
10.5423668708046
9.07536332728101
9.65953871023927
9.9714881724059
12.0599405839303
9.28910320989316
10.4071802981864
11.5246075823876
9.5982150313325
10.5825275817953
9.28174587113213
10.5594757508313
8.5327668723793
11.8732354584221
9.77511360233348
10.1877007619339
9.29224324434809
9.60275200640471
10.7503368606188
10.0104807887688
11.0435919494663
9.85246924465036
8.81475616422356
9.84617386241614
9.05299893592165
11.4257353017004
11.2406603547355
10.6856811983396
8.5290198120116
13.0553701665892
11.322208576081
10.9148630477048
