178.565777246775
25.5367570181432
26.6421134965499
423.001120301943
86.6429655517636
69.0284859075225
-63.139384154149
118.641100547897
91.9656451700295
32.0904305197704
-134.243322568913
-191.314109429083
-234.514698021708
3.05618674767821
93.5712565154945
-202.139936014987
-264.141376475337
145.756114155194
-55.1468587114367
73.5410254146894
95.8746249246559
-126.059631778277
-214.679650947132
298.387085386367
-78.969688710184
89.7316766925094
-78.2295253351767
-129.540392722652
-45.5928889030302
-18.1233251907087
44.1068197799774
43.5940205398537
6.07352017014913
-159.129910047637
237.175762372672
-93.7982941591166
-330.015529147159
9.03844182047318
-245.463798607473
109.207567554027
73.1310774798327
94.0993222394751
-128.812002933441
-34.2140630219411
72.1266162132594
-164.386645509686
-171.561779902489
211.382171704714
159.782480890037
26.5233807336284
