-1.43450190323784
0.782351604186474
1.32804491159458
1.6356650576951
-0.442950223826573
0.534488001659029
0.279765976675407
1.28399270204338
1.85922844877644
1.88463861332387
1.31926786457899
0.0556402830260945
-0.329781881668084
0.392538076028427
-0.139617634604015
2.22499181656754
-0.128201215527329
0.700333345350659
2.7007659143962
0.783162396966471
-0.528914659462282
2.57065818022731
0.346154588051738
0.998266232677202
0.548783012161073
0.821947108047869
1.43800008832053
1.0822332567497
2.21040067526189
0.539499707502767
0.53916643431613
0.0862633416980928
0.914713440020552
2.60871432037829
3.41838518952555
1.20617384911155
2.10556212784452
0.618852906484382
0.0432024010434436
0.468376865418702
2.20505680108403
-1.36343388272434
0.563247690655509
0.333545852575542
1.68003994724859
0.831397938573086
-0.16786985866869
1.16973740338008
0.335662189515327
0.0100463689065999
-0.691639588746544
1.29502794040052
0.865771620916052
1.84913978231738
2.49521386878097
1.2688158090564
2.83272400263669
1.0420793613828
1.35094565041381
0.172093307123025
1.4889002329129
1.44123160644628
0.751217929503297
2.0116199506473
2.09087282749956
1.22540043127995
0.0167642091294138
3.51991754897809
1.09641781373435
-0.446909088493854
1.49497670722189
2.21743202208445
2.8424995635105
1.06785716658095
0.318305804788126
2.38569521851415
1.49522395073707
1.37333394378078
1.52610556767711
1.57567932301464
0.0897750633433728
0.614911754521937
1.45407013820254
-0.344949333405489
2.01824875194561
-0.378949024273765
0.325241479225472
0.984341181499371
1.77972233859987
0.75109432727295
0.370923995403355
-1.20602818176303
0.364785380624837
2.15431512608919
0.887628009518637
0.203927419238303
0.238634324920433
0.837192062802243
2.39438624459127
1.57919744723641
